-0.0818421
   26.1249
  -30.8569
   186.717
  -26.2067
  -351.205
 -0.125724
   29.1325
  -1504.36
  -7.59838
   -3.1333
   337.677
   51.2121
   3.19132
  -141.824
   21.8393
   4.58625
-0.0514487
   39.7599
  -79.1189
  -154.936
   40.5847
   138.353
  -16.4144
   64.3431
  -92.5035
   141.824
 -0.158364
   31.5834
   99.5432
   160.585
  -8.23795
  -384.618
  -309.034
    303.61
   469.904
  -73.8271
  -28.6799
  0.014159
  -58.8903
  -625.748
  -2243.25
   -218.56
   89.7689
   722.525
    5102.5
  -3187.61
 -0.238058
   1112.94
   -532.09
  -214.101
  -449.307
  -324.486
   93.6067
   4875.34
  -972.967
   3354.85
   383.495
         0