   0.0000000e+00
   2.2511244e-09
   8.9954865e-09
   2.0219579e-08
   3.5909910e-08
   5.6052999e-08
   8.0635379e-08
   1.0964360e-07
   1.4306422e-07
   1.8088381e-07
   2.2308897e-07
   2.6966629e-07
   3.2060239e-07
   3.7588390e-07
   4.3549746e-07
   4.9942973e-07
   5.6766737e-07
   6.4019706e-07
   7.1700551e-07
   7.9807943e-07
   8.8340553e-07
   9.7297056e-07
   1.0667613e-06
   1.1647644e-06
   1.2669668e-06
   1.3733551e-06
   1.4839163e-06
   1.5986371e-06
   1.7175044e-06
   1.8405049e-06
   1.9676257e-06
   2.0988534e-06
   2.2341751e-06
   2.3735776e-06
   2.5170479e-06
   2.6645728e-06
   2.8161393e-06
   2.9717344e-06
   3.1313450e-06
   3.2949581e-06
   3.4625606e-06
   3.6341397e-06
   3.8096824e-06
   3.9891755e-06
   4.1726063e-06
   4.3599618e-06
   4.5512290e-06
   4.7463950e-06
   4.9454470e-06
   5.1483720e-06
   5.3551572e-06
   5.5657897e-06
   5.7802567e-06
   5.9985453e-06
   6.2206428e-06
   6.4465363e-06
   6.6762131e-06
   6.9096603e-06
   7.1468652e-06
   7.3878151e-06
   7.6324972e-06
   7.8808988e-06
   8.1330072e-06
   8.3888096e-06
   8.6482935e-06
   8.9114462e-06
   9.1782549e-06
   9.4487070e-06
   9.7227900e-06
   1.0000491e-05
   1.0281798e-05
   1.0566698e-05
   1.0855178e-05
   1.1147226e-05
   1.1442830e-05
   1.1741976e-05
   1.2044653e-05
   1.2350847e-05
   1.2660547e-05
   1.2973740e-05
   1.3290412e-05
   1.3610553e-05
   1.3934149e-05
   1.4261189e-05
   1.4591659e-05
   1.4925547e-05
   1.5262841e-05
   1.5603528e-05
   1.5947597e-05
   1.6295034e-05
   1.6645828e-05
   1.6999966e-05
   1.7357436e-05
   1.7718225e-05
   1.8082322e-05
   1.8449714e-05
   1.8820388e-05
   1.9194333e-05
   1.9571536e-05
   1.9951986e-05
   2.0335669e-05
   2.0722574e-05
   2.1112688e-05
   2.1506000e-05
   2.1902498e-05
   2.2302168e-05
   2.2704999e-05
   2.3110980e-05
   2.3520097e-05
   2.3932339e-05
   2.4347693e-05
   2.4766148e-05
   2.5187692e-05
   2.5612313e-05
   2.6039998e-05
   2.6470736e-05
   2.6904514e-05
   2.7341321e-05
   2.7781145e-05
   2.8223974e-05
   2.8669795e-05
   2.9118597e-05
   2.9570369e-05
   3.0025097e-05
   3.0482771e-05
   3.0943379e-05
   3.1406908e-05
   3.1873347e-05
   3.2342683e-05
   3.2814906e-05
   3.3290004e-05
   3.3767963e-05
   3.4248774e-05
   3.4732424e-05
   3.5218901e-05
   3.5708194e-05
   3.6200291e-05
   3.6695180e-05
   3.7192850e-05
   3.7693288e-05
   3.8196484e-05
   3.8702425e-05
   3.9211100e-05
   3.9722498e-05
   4.0236607e-05
   4.0753414e-05
   4.1272909e-05
   4.1795081e-05
   4.2319917e-05
   4.2847405e-05
   4.3377536e-05
   4.3910296e-05
   4.4445674e-05
   4.4983660e-05
   4.5524241e-05
   4.6067407e-05
   4.6613145e-05
   4.7161444e-05
   4.7712293e-05
   4.8265680e-05
   4.8821594e-05
   4.9380024e-05
   4.9940959e-05
   5.0504386e-05
   5.1070295e-05
   5.1638674e-05
   5.2209513e-05
   5.2782799e-05
   5.3358521e-05
   5.3936669e-05
   5.4517231e-05
   5.5100195e-05
   5.5685551e-05
   5.6273287e-05
   5.6863393e-05
   5.7455856e-05
   5.8050666e-05
   5.8647812e-05
   5.9247282e-05
   5.9849065e-05
   6.0453151e-05
   6.1059528e-05
   6.1668185e-05
   6.2279111e-05
   6.2892294e-05
   6.3507725e-05
   6.4125392e-05
   6.4745283e-05
   6.5367388e-05
   6.5991696e-05
   6.6618196e-05
   6.7246877e-05
   6.7877728e-05
   6.8510738e-05
   6.9145896e-05
   6.9783191e-05
   7.0422612e-05
   7.1064149e-05
   7.1707790e-05
   7.2353526e-05
   7.3001343e-05
   7.3651233e-05
   7.4303185e-05
   7.4957186e-05
   7.5613227e-05
   7.6271297e-05
   7.6931386e-05
   7.7593481e-05
   7.8257573e-05
   7.8923651e-05
   7.9591704e-05
   8.0261722e-05
   8.0933694e-05
   8.1607608e-05
   8.2283456e-05
   8.2961225e-05
   8.3640905e-05
   8.4322486e-05
   8.5005957e-05
   8.5691307e-05
   8.6378527e-05
   8.7067604e-05
   8.7758530e-05
   8.8451293e-05
   8.9145882e-05
   8.9842288e-05
   9.0540499e-05
   9.1240506e-05
   9.1942297e-05
   9.2645863e-05
   9.3351193e-05
   9.4058276e-05
   9.4767103e-05
   9.5477662e-05
   9.6189943e-05
   9.6903937e-05
   9.7619632e-05
   9.8337018e-05
   9.9056085e-05
   9.9776823e-05
   1.0049922e-04
   1.0122327e-04
   1.0194896e-04
   1.0267628e-04
   1.0340521e-04
   1.0413576e-04
   1.0486790e-04
   1.0560164e-04
   1.0633695e-04
   1.0707383e-04
   1.0781227e-04
   1.0855225e-04
   1.0929377e-04
   1.1003683e-04
   1.1078140e-04
   1.1152747e-04
   1.1227505e-04
   1.1302411e-04
   1.1377464e-04
   1.1452665e-04
   1.1528011e-04
   1.1603502e-04
   1.1679137e-04
   1.1754914e-04
   1.1830834e-04
   1.1906893e-04
   1.1983093e-04
   1.2059431e-04
   1.2135908e-04
   1.2212520e-04
   1.2289269e-04
   1.2366152e-04
   1.2443170e-04
   1.2520319e-04
   1.2597601e-04
   1.2675014e-04
   1.2752556e-04
   1.2830228e-04
   1.2908027e-04
   1.2985953e-04
   1.3064005e-04
   1.3142182e-04
   1.3220484e-04
   1.3298908e-04
   1.3377454e-04
   1.3456121e-04
   1.3534909e-04
   1.3613815e-04
   1.3692840e-04
   1.3771982e-04
   1.3851240e-04
   1.3930614e-04
   1.4010101e-04
   1.4089703e-04
   1.4169416e-04
   1.4249242e-04
   1.4329177e-04
   1.4409222e-04
   1.4489376e-04
   1.4569638e-04
   1.4650006e-04
   1.4730480e-04
   1.4811059e-04
   1.4891741e-04
   1.4972527e-04
   1.5053415e-04
   1.5134403e-04
   1.5215492e-04
   1.5296680e-04
   1.5377966e-04
   1.5459350e-04
   1.5540830e-04
   1.5622405e-04
   1.5704075e-04
   1.5785838e-04
   1.5867694e-04
   1.5949642e-04
   1.6031680e-04
   1.6113809e-04
   1.6196026e-04
   1.6278331e-04
   1.6360724e-04
   1.6443202e-04
   1.6525766e-04
   1.6608415e-04
   1.6691146e-04
   1.6773961e-04
   1.6856856e-04
   1.6939833e-04
   1.7022889e-04
   1.7106024e-04
   1.7189238e-04
   1.7272528e-04
   1.7355894e-04
   1.7439336e-04
   1.7522852e-04
   1.7606441e-04
   1.7690104e-04
   1.7773837e-04
   1.7857642e-04
   1.7941516e-04
   1.8025460e-04
   1.8109471e-04
   1.8193550e-04
   1.8277695e-04
   1.8361905e-04
   1.8446180e-04
   1.8530518e-04
   1.8614920e-04
   1.8699383e-04
   1.8783907e-04
   1.8868492e-04
   1.8953135e-04
   1.9037837e-04
   1.9122597e-04
   1.9207413e-04
   1.9292284e-04
   1.9377211e-04
   1.9462192e-04
   1.9547226e-04
   1.9632312e-04
   1.9717449e-04
   1.9802637e-04
   1.9887875e-04
   1.9973162e-04
   2.0058496e-04
   2.0143878e-04
   2.0229305e-04
   2.0314779e-04
   2.0400296e-04
   2.0485858e-04
   2.0571462e-04
   2.0657108e-04
   2.0742795e-04
   2.0828523e-04
   2.0914290e-04
   2.1000095e-04
   2.1085938e-04
   2.1171819e-04
   2.1257735e-04
   2.1343686e-04
   2.1429672e-04
   2.1515691e-04
   2.1601743e-04
   2.1687827e-04
   2.1773942e-04
   2.1860087e-04
   2.1946261e-04
   2.2032464e-04
   2.2118694e-04
   2.2204952e-04
   2.2291235e-04
   2.2377544e-04
   2.2463877e-04
   2.2550234e-04
   2.2636613e-04
   2.2723015e-04
   2.2809437e-04
   2.2895880e-04
   2.2982342e-04
   2.3068823e-04
   2.3155322e-04
   2.3241838e-04
   2.3328370e-04
   2.3414918e-04
   2.3501480e-04
   2.3588056e-04
   2.3674645e-04
   2.3761247e-04
   2.3847859e-04
   2.3934483e-04
   2.4021116e-04
   2.4107758e-04
   2.4194408e-04
   2.4281066e-04
   2.4367730e-04
   2.4454401e-04
   2.4541076e-04
   2.4627756e-04
   2.4714439e-04
   2.4801125e-04
   2.4887812e-04
   2.4974501e-04
   2.5061190e-04
   2.5147879e-04
   2.5234567e-04
   2.5321252e-04
   2.5407935e-04
   2.5494614e-04
   2.5581289e-04
   2.5667959e-04
   2.5754623e-04
   2.5841280e-04
   2.5927930e-04
   2.6014572e-04
   2.6101204e-04
   2.6187827e-04
   2.6274440e-04
   2.6361041e-04
   2.6447631e-04
   2.6534207e-04
   2.6620770e-04
   2.6707319e-04
   2.6793853e-04
   2.6880371e-04
   2.6966873e-04
   2.7053357e-04
   2.7139823e-04
   2.7226271e-04
   2.7312699e-04
   2.7399106e-04
   2.7485493e-04
   2.7571858e-04
   2.7658200e-04
   2.7744519e-04
   2.7830815e-04
   2.7917085e-04
   2.8003330e-04
   2.8089549e-04
   2.8175741e-04
   2.8261905e-04
   2.8348041e-04
   2.8434148e-04
   2.8520225e-04
   2.8606271e-04
   2.8692287e-04
   2.8778270e-04
   2.8864220e-04
   2.8950137e-04
   2.9036020e-04
   2.9121867e-04
   2.9207680e-04
   2.9293456e-04
   2.9379194e-04
   2.9464896e-04
   2.9550558e-04
   2.9636182e-04
   2.9721765e-04
   2.9807308e-04
   2.9892810e-04
   2.9978269e-04
   3.0063686e-04
   3.0149060e-04
   3.0234389e-04
   3.0319674e-04
   3.0404913e-04
   3.0490106e-04
   3.0575252e-04
   3.0660350e-04
   3.0745400e-04
   3.0830401e-04
   3.0915352e-04
   3.1000253e-04
   3.1085103e-04
   3.1169902e-04
   3.1254647e-04
   3.1339340e-04
   3.1423979e-04
   3.1508564e-04
   3.1593093e-04
   3.1677566e-04
   3.1761983e-04
   3.1846343e-04
   3.1930645e-04
   3.2014888e-04
   3.2099073e-04
   3.2183197e-04
   3.2267261e-04
   3.2351263e-04
   3.2435204e-04
   3.2519082e-04
   3.2602897e-04
   3.2686649e-04
   3.2770335e-04
   3.2853957e-04
   3.2937512e-04
   3.3021001e-04
   3.3104423e-04
   3.3187778e-04
   3.3271063e-04
   3.3354280e-04
   3.3437427e-04
   3.3520503e-04
   3.3603509e-04
   3.3686442e-04
   3.3769304e-04
   3.3852092e-04
   3.3934807e-04
   3.4017448e-04
   3.4100013e-04
   3.4182503e-04
   3.4264917e-04
   3.4347254e-04
   3.4429514e-04
   3.4511696e-04
   3.4593799e-04
   3.4675822e-04
   3.4757766e-04
   3.4839629e-04
   3.4921410e-04
   3.5003110e-04
   3.5084728e-04
   3.5166262e-04
   3.5247713e-04
   3.5329079e-04
   3.5410361e-04
   3.5491557e-04
   3.5572666e-04
   3.5653689e-04
   3.5734625e-04
   3.5815472e-04
   3.5896231e-04
   3.5976901e-04
   3.6057481e-04
   3.6137970e-04
   3.6218369e-04
   3.6298676e-04
   3.6378890e-04
   3.6459012e-04
   3.6539040e-04
   3.6618974e-04
   3.6698814e-04
   3.6778558e-04
   3.6858207e-04
   3.6937759e-04
   3.7017214e-04
   3.7096572e-04
   3.7175831e-04
   3.7254992e-04
   3.7334053e-04
   3.7413015e-04
   3.7491875e-04
   3.7570635e-04
   3.7649293e-04
   3.7727849e-04
   3.7806302e-04
   3.7884652e-04
   3.7962898e-04
   3.8041039e-04
   3.8119075e-04
   3.8197005e-04
   3.8274829e-04
   3.8352546e-04
   3.8430156e-04
   3.8507658e-04
   3.8585052e-04
   3.8662336e-04
   3.8739511e-04
   3.8816575e-04
   3.8893529e-04
   3.8970371e-04
   3.9047102e-04
   3.9123720e-04
   3.9200225e-04
   3.9276617e-04
   3.9352895e-04
   3.9429058e-04
   3.9505105e-04
   3.9581037e-04
   3.9656853e-04
   3.9732552e-04
   3.9808134e-04
   3.9883598e-04
   3.9958943e-04
   4.0034170e-04
   4.0109277e-04
   4.0184264e-04
   4.0259130e-04
   4.0333875e-04
   4.0408499e-04
   4.0483001e-04
   4.0557380e-04
   4.0631635e-04
   4.0705767e-04
   4.0779775e-04
   4.0853658e-04
   4.0927415e-04
   4.1001047e-04
   4.1074553e-04
   4.1147931e-04
   4.1221182e-04
   4.1294306e-04
   4.1367301e-04
   4.1440167e-04
   4.1512904e-04
   4.1585510e-04
   4.1657987e-04
   4.1730332e-04
   4.1802546e-04
   4.1874628e-04
   4.1946577e-04
   4.2018394e-04
   4.2090077e-04
   4.2161626e-04
   4.2233041e-04
   4.2304321e-04
   4.2375465e-04
   4.2446473e-04
   4.2517346e-04
   4.2588081e-04
   4.2658678e-04
   4.2729138e-04
   4.2799460e-04
   4.2869642e-04
   4.2939686e-04
   4.3009589e-04
   4.3079352e-04
   4.3148975e-04
   4.3218456e-04
   4.3287795e-04
   4.3356992e-04
   4.3426047e-04
   4.3494958e-04
   4.3563726e-04
   4.3632350e-04
   4.3700829e-04
   4.3769163e-04
   4.3837351e-04
   4.3905394e-04
   4.3973290e-04
   4.4041039e-04
   4.4108641e-04
   4.4176095e-04
   4.4243401e-04
   4.4310559e-04
   4.4377567e-04
   4.4444425e-04
   4.4511133e-04
   4.4577691e-04
   4.4644098e-04
   4.4710353e-04
   4.4776457e-04
   4.4842408e-04
   4.4908207e-04
   4.4973852e-04
   4.5039343e-04
   4.5104681e-04
   4.5169864e-04
   4.5234892e-04
   4.5299765e-04
   4.5364481e-04
   4.5429042e-04
   4.5493446e-04
   4.5557693e-04
   4.5621782e-04
   4.5685713e-04
   4.5749486e-04
   4.5813100e-04
   4.5876555e-04
   4.5939850e-04
   4.6002985e-04
   4.6065959e-04
   4.6128773e-04
   4.6191425e-04
   4.6253915e-04
   4.6316243e-04
   4.6378409e-04
   4.6440411e-04
   4.6502251e-04
   4.6563926e-04
   4.6625437e-04
   4.6686784e-04
   4.6747965e-04
   4.6808981e-04
   4.6869831e-04
   4.6930515e-04
   4.6991032e-04
   4.7051383e-04
   4.7111565e-04
   4.7171580e-04
   4.7231427e-04
   4.7291105e-04
   4.7350614e-04
   4.7409954e-04
   4.7469124e-04
   4.7528123e-04
   4.7586952e-04
   4.7645611e-04
   4.7704097e-04
   4.7762412e-04
   4.7820555e-04
   4.7878526e-04
   4.7936324e-04
   4.7993948e-04
   4.8051399e-04
   4.8108676e-04
   4.8165778e-04
   4.8222706e-04
   4.8279459e-04
   4.8336036e-04
   4.8392438e-04
   4.8448663e-04
   4.8504712e-04
   4.8560583e-04
   4.8616278e-04
   4.8671795e-04
   4.8727134e-04
   4.8782294e-04
   4.8837276e-04
   4.8892079e-04
   4.8946702e-04
   4.9001146e-04
   4.9055409e-04
   4.9109492e-04
   4.9163394e-04
   4.9217115e-04
   4.9270655e-04
   4.9324012e-04
   4.9377188e-04
   4.9430180e-04
   4.9482990e-04
   4.9535617e-04
   4.9588061e-04
   4.9640320e-04
   4.9692395e-04
   4.9744286e-04
   4.9795991e-04
   4.9847512e-04
   4.9898847e-04
   4.9949996e-04
   5.0000959e-04
   5.0051735e-04
   5.0102325e-04
   5.0152727e-04
   5.0202942e-04
   5.0252969e-04
   5.0302808e-04
   5.0352458e-04
   5.0401920e-04
   5.0451193e-04
   5.0500276e-04
   5.0549169e-04
   5.0597873e-04
   5.0646386e-04
   5.0694709e-04
   5.0742841e-04
   5.0790781e-04
   5.0838530e-04
   5.0886087e-04
   5.0933452e-04
   5.0980624e-04
   5.1027604e-04
   5.1074391e-04
   5.1120984e-04
   5.1167384e-04
   5.1213590e-04
   5.1259602e-04
   5.1305419e-04
   5.1351041e-04
   5.1396469e-04
   5.1441701e-04
   5.1486737e-04
   5.1531578e-04
   5.1576222e-04
   5.1620670e-04
   5.1664921e-04
   5.1708974e-04
   5.1752831e-04
   5.1796490e-04
   5.1839951e-04
   5.1883214e-04
   5.1926279e-04
   5.1969145e-04
   5.2011812e-04
   5.2054280e-04
   5.2096548e-04
   5.2138617e-04
   5.2180485e-04
   5.2222154e-04
   5.2263622e-04
   5.2304889e-04
   5.2345955e-04
   5.2386819e-04
   5.2427482e-04
   5.2467944e-04
   5.2508203e-04
   5.2548260e-04
   5.2588115e-04
   5.2627766e-04
   5.2667215e-04
   5.2706460e-04
   5.2745502e-04
   5.2784340e-04
   5.2822974e-04
   5.2861404e-04
   5.2899629e-04
   5.2937649e-04
   5.2975465e-04
   5.3013075e-04
   5.3050480e-04
   5.3087679e-04
   5.3124673e-04
   5.3161460e-04
   5.3198041e-04
   5.3234415e-04
   5.3270583e-04
   5.3306543e-04
   5.3342296e-04
   5.3377842e-04
   5.3413180e-04
   5.3448310e-04
   5.3483232e-04
   5.3517946e-04
   5.3552451e-04
   5.3586747e-04
   5.3620835e-04
   5.3654713e-04
   5.3688382e-04
   5.3721841e-04
   5.3755090e-04
   5.3788130e-04
   5.3820959e-04
   5.3853578e-04
   5.3885986e-04
   5.3918183e-04
   5.3950169e-04
   5.3981945e-04
   5.4013508e-04
   5.4044860e-04
   5.4076001e-04
   5.4106929e-04
   5.4137645e-04
   5.4168149e-04
   5.4198440e-04
   5.4228519e-04
   5.4258384e-04
   5.4288037e-04
   5.4317476e-04
   5.4346702e-04
   5.4375714e-04
   5.4404513e-04
   5.4433097e-04
   5.4461467e-04
   5.4489623e-04
   5.4517564e-04
   5.4545291e-04
   5.4572803e-04
   5.4600100e-04
   5.4627181e-04
   5.4654048e-04
   5.4680698e-04
   5.4707133e-04
   5.4733353e-04
   5.4759356e-04
   5.4785143e-04
   5.4810714e-04
   5.4836068e-04
   5.4861206e-04
   5.4886127e-04
   5.4910831e-04
   5.4935318e-04
   5.4959587e-04
   5.4983640e-04
   5.5007475e-04
   5.5031092e-04
   5.5054491e-04
   5.5077672e-04
   5.5100636e-04
   5.5123381e-04
   5.5145908e-04
   5.5168216e-04
   5.5190305e-04
   5.5212176e-04
   5.5233828e-04
   5.5255261e-04
   5.5276475e-04
   5.5297469e-04
   5.5318244e-04
   5.5338799e-04
   5.5359135e-04
   5.5379251e-04
   5.5399147e-04
   5.5418823e-04
   5.5438279e-04
   5.5457515e-04
   5.5476530e-04
   5.5495324e-04
   5.5513899e-04
   5.5532252e-04
   5.5550384e-04
   5.5568296e-04
   5.5585986e-04
   5.5603456e-04
   5.5620704e-04
   5.5637730e-04
   5.5654536e-04
   5.5671119e-04
   5.5687481e-04
   5.5703621e-04
   5.5719539e-04
   5.5735236e-04
   5.5750710e-04
   5.5765962e-04
   5.5780992e-04
   5.5795799e-04
   5.5810384e-04
   5.5824747e-04
   5.5838887e-04
   5.5852804e-04
   5.5866498e-04
   5.5879970e-04
   5.5893218e-04
   5.5906244e-04
   5.5919046e-04
   5.5931626e-04
   5.5943982e-04
   5.5956114e-04
   5.5968024e-04
   5.5979710e-04
   5.5991172e-04
   5.6002411e-04
   5.6013426e-04
   5.6024217e-04
   5.6034784e-04
   5.6045128e-04
   5.6055248e-04
   5.6065143e-04
   5.6074815e-04
   5.6084262e-04
   5.6093486e-04
   5.6102485e-04
   5.6111259e-04
   5.6119810e-04
   5.6128136e-04
   5.6136238e-04
   5.6144115e-04
   5.6151767e-04
   5.6159195e-04
   5.6166399e-04
   5.6173378e-04
   5.6180132e-04
   5.6186661e-04
   5.6192965e-04
   5.6199045e-04
   5.6204900e-04
   5.6210530e-04
   5.6215935e-04
   5.6221115e-04
   5.6226070e-04
   5.6230800e-04
   5.6235305e-04
   5.6239585e-04
   5.6243640e-04
   5.6247469e-04
   5.6251074e-04
   5.6254453e-04
   5.6257607e-04
   5.6260536e-04
   5.6263240e-04
   5.6265718e-04
   5.6267971e-04
   5.6269999e-04
   5.6271802e-04
   5.6273379e-04
   5.6274731e-04
   5.6275858e-04
   5.6276759e-04
   5.6277435e-04
   5.6277886e-04
   5.6278111e-04
   5.6278111e-04
   5.6277886e-04
   5.6277435e-04
   5.6276759e-04
   5.6275858e-04
   5.6274731e-04
   5.6273379e-04
   5.6271802e-04
   5.6269999e-04
   5.6267971e-04
   5.6265718e-04
   5.6263240e-04
   5.6260536e-04
   5.6257607e-04
   5.6254453e-04
   5.6251074e-04
   5.6247469e-04
   5.6243640e-04
   5.6239585e-04
   5.6235305e-04
   5.6230800e-04
   5.6226070e-04
   5.6221115e-04
   5.6215935e-04
   5.6210530e-04
   5.6204900e-04
   5.6199045e-04
   5.6192965e-04
   5.6186661e-04
   5.6180132e-04
   5.6173378e-04
   5.6166399e-04
   5.6159195e-04
   5.6151767e-04
   5.6144115e-04
   5.6136238e-04
   5.6128136e-04
   5.6119810e-04
   5.6111259e-04
   5.6102485e-04
   5.6093486e-04
   5.6084262e-04
   5.6074815e-04
   5.6065143e-04
   5.6055248e-04
   5.6045128e-04
   5.6034784e-04
   5.6024217e-04
   5.6013426e-04
   5.6002411e-04
   5.5991172e-04
   5.5979710e-04
   5.5968024e-04
   5.5956114e-04
   5.5943982e-04
   5.5931626e-04
   5.5919046e-04
   5.5906244e-04
   5.5893218e-04
   5.5879970e-04
   5.5866498e-04
   5.5852804e-04
   5.5838887e-04
   5.5824747e-04
   5.5810384e-04
   5.5795799e-04
   5.5780992e-04
   5.5765962e-04
   5.5750710e-04
   5.5735236e-04
   5.5719539e-04
   5.5703621e-04
   5.5687481e-04
   5.5671119e-04
   5.5654536e-04
   5.5637730e-04
   5.5620704e-04
   5.5603456e-04
   5.5585986e-04
   5.5568296e-04
   5.5550384e-04
   5.5532252e-04
   5.5513899e-04
   5.5495324e-04
   5.5476530e-04
   5.5457515e-04
   5.5438279e-04
   5.5418823e-04
   5.5399147e-04
   5.5379251e-04
   5.5359135e-04
   5.5338799e-04
   5.5318244e-04
   5.5297469e-04
   5.5276475e-04
   5.5255261e-04
   5.5233828e-04
   5.5212176e-04
   5.5190305e-04
   5.5168216e-04
   5.5145908e-04
   5.5123381e-04
   5.5100636e-04
   5.5077672e-04
   5.5054491e-04
   5.5031092e-04
   5.5007475e-04
   5.4983640e-04
   5.4959587e-04
   5.4935318e-04
   5.4910831e-04
   5.4886127e-04
   5.4861206e-04
   5.4836068e-04
   5.4810714e-04
   5.4785143e-04
   5.4759356e-04
   5.4733353e-04
   5.4707133e-04
   5.4680698e-04
   5.4654048e-04
   5.4627181e-04
   5.4600100e-04
   5.4572803e-04
   5.4545291e-04
   5.4517564e-04
   5.4489623e-04
   5.4461467e-04
   5.4433097e-04
   5.4404513e-04
   5.4375714e-04
   5.4346702e-04
   5.4317476e-04
   5.4288037e-04
   5.4258384e-04
   5.4228519e-04
   5.4198440e-04
   5.4168149e-04
   5.4137645e-04
   5.4106929e-04
   5.4076001e-04
   5.4044860e-04
   5.4013508e-04
   5.3981945e-04
   5.3950169e-04
   5.3918183e-04
   5.3885986e-04
   5.3853578e-04
   5.3820959e-04
   5.3788130e-04
   5.3755090e-04
   5.3721841e-04
   5.3688382e-04
   5.3654713e-04
   5.3620835e-04
   5.3586747e-04
   5.3552451e-04
   5.3517946e-04
   5.3483232e-04
   5.3448310e-04
   5.3413180e-04
   5.3377842e-04
   5.3342296e-04
   5.3306543e-04
   5.3270583e-04
   5.3234415e-04
   5.3198041e-04
   5.3161460e-04
   5.3124673e-04
   5.3087679e-04
   5.3050480e-04
   5.3013075e-04
   5.2975465e-04
   5.2937649e-04
   5.2899629e-04
   5.2861404e-04
   5.2822974e-04
   5.2784340e-04
   5.2745502e-04
   5.2706460e-04
   5.2667215e-04
   5.2627766e-04
   5.2588115e-04
   5.2548260e-04
   5.2508203e-04
   5.2467944e-04
   5.2427482e-04
   5.2386819e-04
   5.2345955e-04
   5.2304889e-04
   5.2263622e-04
   5.2222154e-04
   5.2180485e-04
   5.2138617e-04
   5.2096548e-04
   5.2054280e-04
   5.2011812e-04
   5.1969145e-04
   5.1926279e-04
   5.1883214e-04
   5.1839951e-04
   5.1796490e-04
   5.1752831e-04
   5.1708974e-04
   5.1664921e-04
   5.1620670e-04
   5.1576222e-04
   5.1531578e-04
   5.1486737e-04
   5.1441701e-04
   5.1396469e-04
   5.1351041e-04
   5.1305419e-04
   5.1259602e-04
   5.1213590e-04
   5.1167384e-04
   5.1120984e-04
   5.1074391e-04
   5.1027604e-04
   5.0980624e-04
   5.0933452e-04
   5.0886087e-04
   5.0838530e-04
   5.0790781e-04
   5.0742841e-04
   5.0694709e-04
   5.0646386e-04
   5.0597873e-04
   5.0549169e-04
   5.0500276e-04
   5.0451193e-04
   5.0401920e-04
   5.0352458e-04
   5.0302808e-04
   5.0252969e-04
   5.0202942e-04
   5.0152727e-04
   5.0102325e-04
   5.0051735e-04
   5.0000959e-04
   4.9949996e-04
   4.9898847e-04
   4.9847512e-04
   4.9795991e-04
   4.9744286e-04
   4.9692395e-04
   4.9640320e-04
   4.9588061e-04
   4.9535617e-04
   4.9482990e-04
   4.9430180e-04
   4.9377188e-04
   4.9324012e-04
   4.9270655e-04
   4.9217115e-04
   4.9163394e-04
   4.9109492e-04
   4.9055409e-04
   4.9001146e-04
   4.8946702e-04
   4.8892079e-04
   4.8837276e-04
   4.8782294e-04
   4.8727134e-04
   4.8671795e-04
   4.8616278e-04
   4.8560583e-04
   4.8504712e-04
   4.8448663e-04
   4.8392438e-04
   4.8336036e-04
   4.8279459e-04
   4.8222706e-04
   4.8165778e-04
   4.8108676e-04
   4.8051399e-04
   4.7993948e-04
   4.7936324e-04
   4.7878526e-04
   4.7820555e-04
   4.7762412e-04
   4.7704097e-04
   4.7645611e-04
   4.7586952e-04
   4.7528123e-04
   4.7469124e-04
   4.7409954e-04
   4.7350614e-04
   4.7291105e-04
   4.7231427e-04
   4.7171580e-04
   4.7111565e-04
   4.7051383e-04
   4.6991032e-04
   4.6930515e-04
   4.6869831e-04
   4.6808981e-04
   4.6747965e-04
   4.6686784e-04
   4.6625437e-04
   4.6563926e-04
   4.6502251e-04
   4.6440411e-04
   4.6378409e-04
   4.6316243e-04
   4.6253915e-04
   4.6191425e-04
   4.6128773e-04
   4.6065959e-04
   4.6002985e-04
   4.5939850e-04
   4.5876555e-04
   4.5813100e-04
   4.5749486e-04
   4.5685713e-04
   4.5621782e-04
   4.5557693e-04
   4.5493446e-04
   4.5429042e-04
   4.5364481e-04
   4.5299765e-04
   4.5234892e-04
   4.5169864e-04
   4.5104681e-04
   4.5039343e-04
   4.4973852e-04
   4.4908207e-04
   4.4842408e-04
   4.4776457e-04
   4.4710353e-04
   4.4644098e-04
   4.4577691e-04
   4.4511133e-04
   4.4444425e-04
   4.4377567e-04
   4.4310559e-04
   4.4243401e-04
   4.4176095e-04
   4.4108641e-04
   4.4041039e-04
   4.3973290e-04
   4.3905394e-04
   4.3837351e-04
   4.3769163e-04
   4.3700829e-04
   4.3632350e-04
   4.3563726e-04
   4.3494958e-04
   4.3426047e-04
   4.3356992e-04
   4.3287795e-04
   4.3218456e-04
   4.3148975e-04
   4.3079352e-04
   4.3009589e-04
   4.2939686e-04
   4.2869642e-04
   4.2799460e-04
   4.2729138e-04
   4.2658678e-04
   4.2588081e-04
   4.2517346e-04
   4.2446473e-04
   4.2375465e-04
   4.2304321e-04
   4.2233041e-04
   4.2161626e-04
   4.2090077e-04
   4.2018394e-04
   4.1946577e-04
   4.1874628e-04
   4.1802546e-04
   4.1730332e-04
   4.1657987e-04
   4.1585510e-04
   4.1512904e-04
   4.1440167e-04
   4.1367301e-04
   4.1294306e-04
   4.1221182e-04
   4.1147931e-04
   4.1074553e-04
   4.1001047e-04
   4.0927415e-04
   4.0853658e-04
   4.0779775e-04
   4.0705767e-04
   4.0631635e-04
   4.0557380e-04
   4.0483001e-04
   4.0408499e-04
   4.0333875e-04
   4.0259130e-04
   4.0184264e-04
   4.0109277e-04
   4.0034170e-04
   3.9958943e-04
   3.9883598e-04
   3.9808134e-04
   3.9732552e-04
   3.9656853e-04
   3.9581037e-04
   3.9505105e-04
   3.9429058e-04
   3.9352895e-04
   3.9276617e-04
   3.9200225e-04
   3.9123720e-04
   3.9047102e-04
   3.8970371e-04
   3.8893529e-04
   3.8816575e-04
   3.8739511e-04
   3.8662336e-04
   3.8585052e-04
   3.8507658e-04
   3.8430156e-04
   3.8352546e-04
   3.8274829e-04
   3.8197005e-04
   3.8119075e-04
   3.8041039e-04
   3.7962898e-04
   3.7884652e-04
   3.7806302e-04
   3.7727849e-04
   3.7649293e-04
   3.7570635e-04
   3.7491875e-04
   3.7413015e-04
   3.7334053e-04
   3.7254992e-04
   3.7175831e-04
   3.7096572e-04
   3.7017214e-04
   3.6937759e-04
   3.6858207e-04
   3.6778558e-04
   3.6698814e-04
   3.6618974e-04
   3.6539040e-04
   3.6459012e-04
   3.6378890e-04
   3.6298676e-04
   3.6218369e-04
   3.6137970e-04
   3.6057481e-04
   3.5976901e-04
   3.5896231e-04
   3.5815472e-04
   3.5734625e-04
   3.5653689e-04
   3.5572666e-04
   3.5491557e-04
   3.5410361e-04
   3.5329079e-04
   3.5247713e-04
   3.5166262e-04
   3.5084728e-04
   3.5003110e-04
   3.4921410e-04
   3.4839629e-04
   3.4757766e-04
   3.4675822e-04
   3.4593799e-04
   3.4511696e-04
   3.4429514e-04
   3.4347254e-04
   3.4264917e-04
   3.4182503e-04
   3.4100013e-04
   3.4017448e-04
   3.3934807e-04
   3.3852092e-04
   3.3769304e-04
   3.3686442e-04
   3.3603509e-04
   3.3520503e-04
   3.3437427e-04
   3.3354280e-04
   3.3271063e-04
   3.3187778e-04
   3.3104423e-04
   3.3021001e-04
   3.2937512e-04
   3.2853957e-04
   3.2770335e-04
   3.2686649e-04
   3.2602897e-04
   3.2519082e-04
   3.2435204e-04
   3.2351263e-04
   3.2267261e-04
   3.2183197e-04
   3.2099073e-04
   3.2014888e-04
   3.1930645e-04
   3.1846343e-04
   3.1761983e-04
   3.1677566e-04
   3.1593093e-04
   3.1508564e-04
   3.1423979e-04
   3.1339340e-04
   3.1254647e-04
   3.1169902e-04
   3.1085103e-04
   3.1000253e-04
   3.0915352e-04
   3.0830401e-04
   3.0745400e-04
   3.0660350e-04
   3.0575252e-04
   3.0490106e-04
   3.0404913e-04
   3.0319674e-04
   3.0234389e-04
   3.0149060e-04
   3.0063686e-04
   2.9978269e-04
   2.9892810e-04
   2.9807308e-04
   2.9721765e-04
   2.9636182e-04
   2.9550558e-04
   2.9464896e-04
   2.9379194e-04
   2.9293456e-04
   2.9207680e-04
   2.9121867e-04
   2.9036020e-04
   2.8950137e-04
   2.8864220e-04
   2.8778270e-04
   2.8692287e-04
   2.8606271e-04
   2.8520225e-04
   2.8434148e-04
   2.8348041e-04
   2.8261905e-04
   2.8175741e-04
   2.8089549e-04
   2.8003330e-04
   2.7917085e-04
   2.7830815e-04
   2.7744519e-04
   2.7658200e-04
   2.7571858e-04
   2.7485493e-04
   2.7399106e-04
   2.7312699e-04
   2.7226271e-04
   2.7139823e-04
   2.7053357e-04
   2.6966873e-04
   2.6880371e-04
   2.6793853e-04
   2.6707319e-04
   2.6620770e-04
   2.6534207e-04
   2.6447631e-04
   2.6361041e-04
   2.6274440e-04
   2.6187827e-04
   2.6101204e-04
   2.6014572e-04
   2.5927930e-04
   2.5841280e-04
   2.5754623e-04
   2.5667959e-04
   2.5581289e-04
   2.5494614e-04
   2.5407935e-04
   2.5321252e-04
   2.5234567e-04
   2.5147879e-04
   2.5061190e-04
   2.4974501e-04
   2.4887812e-04
   2.4801125e-04
   2.4714439e-04
   2.4627756e-04
   2.4541076e-04
   2.4454401e-04
   2.4367730e-04
   2.4281066e-04
   2.4194408e-04
   2.4107758e-04
   2.4021116e-04
   2.3934483e-04
   2.3847859e-04
   2.3761247e-04
   2.3674645e-04
   2.3588056e-04
   2.3501480e-04
   2.3414918e-04
   2.3328370e-04
   2.3241838e-04
   2.3155322e-04
   2.3068823e-04
   2.2982342e-04
   2.2895880e-04
   2.2809437e-04
   2.2723015e-04
   2.2636613e-04
   2.2550234e-04
   2.2463877e-04
   2.2377544e-04
   2.2291235e-04
   2.2204952e-04
   2.2118694e-04
   2.2032464e-04
   2.1946261e-04
   2.1860087e-04
   2.1773942e-04
   2.1687827e-04
   2.1601743e-04
   2.1515691e-04
   2.1429672e-04
   2.1343686e-04
   2.1257735e-04
   2.1171819e-04
   2.1085938e-04
   2.1000095e-04
   2.0914290e-04
   2.0828523e-04
   2.0742795e-04
   2.0657108e-04
   2.0571462e-04
   2.0485858e-04
   2.0400296e-04
   2.0314779e-04
   2.0229305e-04
   2.0143878e-04
   2.0058496e-04
   1.9973162e-04
   1.9887875e-04
   1.9802637e-04
   1.9717449e-04
   1.9632312e-04
   1.9547226e-04
   1.9462192e-04
   1.9377211e-04
   1.9292284e-04
   1.9207413e-04
   1.9122597e-04
   1.9037837e-04
   1.8953135e-04
   1.8868492e-04
   1.8783907e-04
   1.8699383e-04
   1.8614920e-04
   1.8530518e-04
   1.8446180e-04
   1.8361905e-04
   1.8277695e-04
   1.8193550e-04
   1.8109471e-04
   1.8025460e-04
   1.7941516e-04
   1.7857642e-04
   1.7773837e-04
   1.7690104e-04
   1.7606441e-04
   1.7522852e-04
   1.7439336e-04
   1.7355894e-04
   1.7272528e-04
   1.7189238e-04
   1.7106024e-04
   1.7022889e-04
   1.6939833e-04
   1.6856856e-04
   1.6773961e-04
   1.6691146e-04
   1.6608415e-04
   1.6525766e-04
   1.6443202e-04
   1.6360724e-04
   1.6278331e-04
   1.6196026e-04
   1.6113809e-04
   1.6031680e-04
   1.5949642e-04
   1.5867694e-04
   1.5785838e-04
   1.5704075e-04
   1.5622405e-04
   1.5540830e-04
   1.5459350e-04
   1.5377966e-04
   1.5296680e-04
   1.5215492e-04
   1.5134403e-04
   1.5053415e-04
   1.4972527e-04
   1.4891741e-04
   1.4811059e-04
   1.4730480e-04
   1.4650006e-04
   1.4569638e-04
   1.4489376e-04
   1.4409222e-04
   1.4329177e-04
   1.4249242e-04
   1.4169416e-04
   1.4089703e-04
   1.4010101e-04
   1.3930614e-04
   1.3851240e-04
   1.3771982e-04
   1.3692840e-04
   1.3613815e-04
   1.3534909e-04
   1.3456121e-04
   1.3377454e-04
   1.3298908e-04
   1.3220484e-04
   1.3142182e-04
   1.3064005e-04
   1.2985953e-04
   1.2908027e-04
   1.2830228e-04
   1.2752556e-04
   1.2675014e-04
   1.2597601e-04
   1.2520319e-04
   1.2443170e-04
   1.2366152e-04
   1.2289269e-04
   1.2212520e-04
   1.2135908e-04
   1.2059431e-04
   1.1983093e-04
   1.1906893e-04
   1.1830834e-04
   1.1754914e-04
   1.1679137e-04
   1.1603502e-04
   1.1528011e-04
   1.1452665e-04
   1.1377464e-04
   1.1302411e-04
   1.1227505e-04
   1.1152747e-04
   1.1078140e-04
   1.1003683e-04
   1.0929377e-04
   1.0855225e-04
   1.0781227e-04
   1.0707383e-04
   1.0633695e-04
   1.0560164e-04
   1.0486790e-04
   1.0413576e-04
   1.0340521e-04
   1.0267628e-04
   1.0194896e-04
   1.0122327e-04
   1.0049922e-04
   9.9776823e-05
   9.9056085e-05
   9.8337018e-05
   9.7619632e-05
   9.6903937e-05
   9.6189943e-05
   9.5477662e-05
   9.4767103e-05
   9.4058276e-05
   9.3351193e-05
   9.2645863e-05
   9.1942297e-05
   9.1240506e-05
   9.0540499e-05
   8.9842288e-05
   8.9145882e-05
   8.8451293e-05
   8.7758530e-05
   8.7067604e-05
   8.6378527e-05
   8.5691307e-05
   8.5005957e-05
   8.4322486e-05
   8.3640905e-05
   8.2961225e-05
   8.2283456e-05
   8.1607608e-05
   8.0933694e-05
   8.0261722e-05
   7.9591704e-05
   7.8923651e-05
   7.8257573e-05
   7.7593481e-05
   7.6931386e-05
   7.6271297e-05
   7.5613227e-05
   7.4957186e-05
   7.4303185e-05
   7.3651233e-05
   7.3001343e-05
   7.2353526e-05
   7.1707790e-05
   7.1064149e-05
   7.0422612e-05
   6.9783191e-05
   6.9145896e-05
   6.8510738e-05
   6.7877728e-05
   6.7246877e-05
   6.6618196e-05
   6.5991696e-05
   6.5367388e-05
   6.4745283e-05
   6.4125392e-05
   6.3507725e-05
   6.2892294e-05
   6.2279111e-05
   6.1668185e-05
   6.1059528e-05
   6.0453151e-05
   5.9849065e-05
   5.9247282e-05
   5.8647812e-05
   5.8050666e-05
   5.7455856e-05
   5.6863393e-05
   5.6273287e-05
   5.5685551e-05
   5.5100195e-05
   5.4517231e-05
   5.3936669e-05
   5.3358521e-05
   5.2782799e-05
   5.2209513e-05
   5.1638674e-05
   5.1070295e-05
   5.0504386e-05
   4.9940959e-05
   4.9380024e-05
   4.8821594e-05
   4.8265680e-05
   4.7712293e-05
   4.7161444e-05
   4.6613145e-05
   4.6067407e-05
   4.5524241e-05
   4.4983660e-05
   4.4445674e-05
   4.3910296e-05
   4.3377536e-05
   4.2847405e-05
   4.2319917e-05
   4.1795081e-05
   4.1272909e-05
   4.0753414e-05
   4.0236607e-05
   3.9722498e-05
   3.9211100e-05
   3.8702425e-05
   3.8196484e-05
   3.7693288e-05
   3.7192850e-05
   3.6695180e-05
   3.6200291e-05
   3.5708194e-05
   3.5218901e-05
   3.4732424e-05
   3.4248774e-05
   3.3767963e-05
   3.3290004e-05
   3.2814906e-05
   3.2342683e-05
   3.1873347e-05
   3.1406908e-05
   3.0943379e-05
   3.0482771e-05
   3.0025097e-05
   2.9570369e-05
   2.9118597e-05
   2.8669795e-05
   2.8223974e-05
   2.7781145e-05
   2.7341321e-05
   2.6904514e-05
   2.6470736e-05
   2.6039998e-05
   2.5612313e-05
   2.5187692e-05
   2.4766148e-05
   2.4347693e-05
   2.3932339e-05
   2.3520097e-05
   2.3110980e-05
   2.2704999e-05
   2.2302168e-05
   2.1902498e-05
   2.1506000e-05
   2.1112688e-05
   2.0722574e-05
   2.0335669e-05
   1.9951986e-05
   1.9571536e-05
   1.9194333e-05
   1.8820388e-05
   1.8449714e-05
   1.8082322e-05
   1.7718225e-05
   1.7357436e-05
   1.6999966e-05
   1.6645828e-05
   1.6295034e-05
   1.5947597e-05
   1.5603528e-05
   1.5262841e-05
   1.4925547e-05
   1.4591659e-05
   1.4261189e-05
   1.3934149e-05
   1.3610553e-05
   1.3290412e-05
   1.2973740e-05
   1.2660547e-05
   1.2350847e-05
   1.2044653e-05
   1.1741976e-05
   1.1442830e-05
   1.1147226e-05
   1.0855178e-05
   1.0566698e-05
   1.0281798e-05
   1.0000491e-05
   9.7227900e-06
   9.4487070e-06
   9.1782549e-06
   8.9114462e-06
   8.6482935e-06
   8.3888096e-06
   8.1330072e-06
   7.8808988e-06
   7.6324972e-06
   7.3878151e-06
   7.1468652e-06
   6.9096603e-06
   6.6762131e-06
   6.4465363e-06
   6.2206428e-06
   5.9985453e-06
   5.7802567e-06
   5.5657897e-06
   5.3551572e-06
   5.1483720e-06
   4.9454470e-06
   4.7463950e-06
   4.5512290e-06
   4.3599618e-06
   4.1726063e-06
   3.9891755e-06
   3.8096824e-06
   3.6341397e-06
   3.4625606e-06
   3.2949581e-06
   3.1313450e-06
   2.9717344e-06
   2.8161393e-06
   2.6645728e-06
   2.5170479e-06
   2.3735776e-06
   2.2341751e-06
   2.0988534e-06
   1.9676257e-06
   1.8405049e-06
   1.7175044e-06
   1.5986371e-06
   1.4839163e-06
   1.3733551e-06
   1.2669668e-06
   1.1647644e-06
   1.0667613e-06
   9.7297056e-07
   8.8340553e-07
   7.9807943e-07
   7.1700551e-07
   6.4019706e-07
   5.6766737e-07
   4.9942973e-07
   4.3549746e-07
   3.7588390e-07
   3.2060239e-07
   2.6966629e-07
   2.2308897e-07
   1.8088381e-07
   1.4306422e-07
   1.0964360e-07
   8.0635379e-08
   5.6052999e-08
   3.5909910e-08
   2.0219579e-08
   8.9954865e-09
   2.2511244e-09
  -3.3054146e-18
