 0.00461699
 0.00211954
 -0.0705849
-0.00960177
 0.00249745
 -0.0339487
 0.00489297
  0.0900175
 -0.0304831
  -0.145673
  -0.083005
  -0.168819
  0.0187149
  0.0611826
  0.0709042
 0.00589051
 0.00123701
 0.00694055
 -0.0176779
  -0.225466
  -0.365761
    0.12641
  -0.418298
  -0.171705
    0.02631
  -0.075819
 -0.0709042
 0.00783014
  -0.354327
   -5.98405
    14.1197
   0.164944
    6.70675
  -0.417332
   -7.54337
   -4.40734
  -0.227325
 -0.0593919
  0.0373546
   -19.2158
    2.22617
   -2.44415
    18.4442
   -8.94679
    2.16251
   -4.80297
   -2.21025
  0.0256877
   -16.2978
    13.7228
    30.1888
  -0.755523
   -85.7085
   -70.9794
    22.1356
   -20.3136
   -2.08719
  -0.051639
  0.0168709
