   0.0006561
 8.25746e-05
 0.000207047
 -0.00065989
 0.000573526
-0.000311921
  0.00169366
 0.000185465
 0.000143839
 2.39554e-05
  0.00159077
-0.000292554
  0.00125154
-1.00612e-05
 0.000122873
  0.00149204
 0.000313327
 0.000615659
 0.000706683
  0.00142575
 0.000113403
 0.000730323
 9.03943e-05
  0.00228473
-0.000107346
  0.00173558
-0.000122873
 0.000748352
   0.0016854
  0.00522847
   0.0120438
  0.00130602
   -0.002941
   0.0019996
 -0.00538543
  0.00142837
  0.00412872
  0.00148619
 0.000730133
 -0.00111137
  0.00733924
  0.00627983
  0.00479637
  -0.0182319
 0.000688949
  -0.0160768
   0.0118692
 0.000780425
 -0.00141814
 -0.00235177
 -0.00568127
  0.00099571
   0.0177149
 -0.00579154
 -0.00304644
  -0.0136284
  -0.0119757
-1.60393e-05
 0.000337604
