   0.0000000e+00
   7.5056261e-10
   5.9999946e-09
   2.0234779e-08
   4.7927899e-08
   9.3538852e-08
   1.6151366e-07
   2.5628489e-07
   3.8227166e-07
   5.4387965e-07
   7.4550114e-07
   9.9151498e-07
   1.2862867e-06
   1.6341682e-06
   2.0394985e-06
   2.5066027e-06
   3.0397931e-06
   3.6433681e-06
   4.3216134e-06
   5.0788010e-06
   5.9191897e-06
   6.8470250e-06
   7.8665394e-06
   8.9819517e-06
   1.0197468e-05
   1.1517281e-05
   1.2945569e-05
   1.4486500e-05
   1.6144225e-05
   1.7922886e-05
   1.9826609e-05
   2.1859506e-05
   2.4025680e-05
   2.6329217e-05
   2.8774191e-05
   3.1364664e-05
   3.4104684e-05
   3.6998286e-05
   4.0049491e-05
   4.3262310e-05
   4.6640737e-05
   5.0188757e-05
   5.3910338e-05
   5.7809438e-05
   6.1890002e-05
   6.6155959e-05
   7.0611229e-05
   7.5259717e-05
   8.0105314e-05
   8.5151902e-05
   9.0403345e-05
   9.5863498e-05
   1.0153620e-04
   1.0742529e-04
   1.1353456e-04
   1.1986784e-04
   1.2642890e-04
   1.3322152e-04
   1.4024947e-04
   1.4751650e-04
   1.5502634e-04
   1.6278273e-04
   1.7078938e-04
   1.7904998e-04
   1.8756822e-04
   1.9634779e-04
   2.0539233e-04
   2.1470551e-04
   2.2429096e-04
   2.3415230e-04
   2.4429314e-04
   2.5471709e-04
   2.6542773e-04
   2.7642864e-04
   2.8772337e-04
   2.9931548e-04
   3.1120850e-04
   3.2340596e-04
   3.3591136e-04
   3.4872822e-04
   3.6186000e-04
   3.7531020e-04
   3.8908226e-04
   4.0317964e-04
   4.1760578e-04
   4.3236410e-04
   4.4745801e-04
   4.6289091e-04
   4.7866619e-04
   4.9478723e-04
   5.1125738e-04
   5.2808000e-04
   5.4525842e-04
   5.6279598e-04
   5.8069598e-04
   5.9896172e-04
   6.1759650e-04
   6.3660359e-04
   6.5598625e-04
   6.7574774e-04
   6.9589130e-04
   7.1642016e-04
   7.3733752e-04
   7.5864660e-04
   7.8035058e-04
   8.0245265e-04
   8.2495597e-04
   8.4786370e-04
   8.7117898e-04
   8.9490493e-04
   9.1904469e-04
   9.4360135e-04
   9.6857802e-04
   9.9397776e-04
   1.0198037e-03
   1.0460588e-03
   1.0727462e-03
   1.0998688e-03
   1.1274298e-03
   1.1554321e-03
   1.1838787e-03
   1.2127727e-03
   1.2421169e-03
   1.2719144e-03
   1.3021681e-03
   1.3328809e-03
   1.3640558e-03
   1.3956957e-03
   1.4278035e-03
   1.4603820e-03
   1.4934343e-03
   1.5269630e-03
   1.5609711e-03
   1.5954615e-03
   1.6304369e-03
   1.6659002e-03
   1.7018543e-03
   1.7383018e-03
   1.7752455e-03
   1.8126884e-03
   1.8506330e-03
   1.8890823e-03
   1.9280388e-03
   1.9675054e-03
   2.0074847e-03
   2.0479795e-03
   2.0889924e-03
   2.1305262e-03
   2.1725835e-03
   2.2151669e-03
   2.2582792e-03
   2.3019229e-03
   2.3461006e-03
   2.3908151e-03
   2.4360688e-03
   2.4818644e-03
   2.5282045e-03
   2.5750916e-03
   2.6225282e-03
   2.6705170e-03
   2.7190604e-03
   2.7681610e-03
   2.8178213e-03
   2.8680438e-03
   2.9188309e-03
   2.9701852e-03
   3.0221091e-03
   3.0746050e-03
   3.1276755e-03
   3.1813229e-03
   3.2355496e-03
   3.2903581e-03
   3.3457508e-03
   3.4017300e-03
   3.4582982e-03
   3.5154576e-03
   3.5732107e-03
   3.6315597e-03
   3.6905071e-03
   3.7500551e-03
   3.8102060e-03
   3.8709621e-03
   3.9323258e-03
   3.9942992e-03
   4.0568848e-03
   4.1200846e-03
   4.1839010e-03
   4.2483361e-03
   4.3133923e-03
   4.3790716e-03
   4.4453764e-03
   4.5123087e-03
   4.5798709e-03
   4.6480649e-03
   4.7168931e-03
   4.7863574e-03
   4.8564601e-03
   4.9272034e-03
   4.9985891e-03
   5.0706196e-03
   5.1432969e-03
   5.2166230e-03
   5.2906000e-03
   5.3652301e-03
   5.4405151e-03
   5.5164572e-03
   5.5930584e-03
   5.6703206e-03
   5.7482460e-03
   5.8268364e-03
   5.9060940e-03
   5.9860205e-03
   6.0666180e-03
   6.1478885e-03
   6.2298339e-03
   6.3124561e-03
   6.3957570e-03
   6.4797385e-03
   6.5644026e-03
   6.6497511e-03
   6.7357858e-03
   6.8225087e-03
   6.9099217e-03
   6.9980264e-03
   7.0868249e-03
   7.1763188e-03
   7.2665100e-03
   7.3574004e-03
   7.4489916e-03
   7.5412856e-03
   7.6342840e-03
   7.7279885e-03
   7.8224011e-03
   7.9175233e-03
   8.0133570e-03
   8.1099038e-03
   8.2071654e-03
   8.3051436e-03
   8.4038400e-03
   8.5032563e-03
   8.6033942e-03
   8.7042553e-03
   8.8058413e-03
   8.9081538e-03
   9.0111944e-03
   9.1149647e-03
   9.2194664e-03
   9.3247011e-03
   9.4306702e-03
   9.5373755e-03
   9.6448184e-03
   9.7530005e-03
   9.8619234e-03
   9.9715886e-03
   1.0081998e-02
   1.0193152e-02
   1.0305053e-02
   1.0417702e-02
   1.0531102e-02
   1.0645252e-02
   1.0760156e-02
   1.0875813e-02
   1.0992226e-02
   1.1109396e-02
   1.1227325e-02
   1.1346013e-02
   1.1465463e-02
   1.1585676e-02
   1.1706652e-02
   1.1828394e-02
   1.1950903e-02
   1.2074180e-02
   1.2198227e-02
   1.2323044e-02
   1.2448633e-02
   1.2574996e-02
   1.2702134e-02
   1.2830048e-02
   1.2958739e-02
   1.3088209e-02
   1.3218459e-02
   1.3349489e-02
   1.3481303e-02
   1.3613900e-02
   1.3747281e-02
   1.3881449e-02
   1.4016404e-02
   1.4152148e-02
   1.4288681e-02
   1.4426005e-02
   1.4564121e-02
   1.4703030e-02
   1.4842733e-02
   1.4983232e-02
   1.5124528e-02
   1.5266621e-02
   1.5409513e-02
   1.5553205e-02
   1.5697698e-02
   1.5842993e-02
   1.5989091e-02
   1.6135993e-02
   1.6283701e-02
   1.6432215e-02
   1.6581536e-02
   1.6731666e-02
   1.6882605e-02
   1.7034354e-02
   1.7186915e-02
   1.7340288e-02
   1.7494475e-02
   1.7649475e-02
   1.7805291e-02
   1.7961924e-02
   1.8119373e-02
   1.8277641e-02
   1.8436727e-02
   1.8596634e-02
   1.8757361e-02
   1.8918910e-02
   1.9081282e-02
   1.9244477e-02
   1.9408497e-02
   1.9573342e-02
   1.9739013e-02
   1.9905510e-02
   2.0072836e-02
   2.0240990e-02
   2.0409973e-02
   2.0579787e-02
   2.0750431e-02
   2.0921907e-02
   2.1094216e-02
   2.1267358e-02
   2.1441334e-02
   2.1616145e-02
   2.1791792e-02
   2.1968274e-02
   2.2145594e-02
   2.2323751e-02
   2.2502747e-02
   2.2682582e-02
   2.2863256e-02
   2.3044771e-02
   2.3227128e-02
   2.3410326e-02
   2.3594366e-02
   2.3779249e-02
   2.3964976e-02
   2.4151548e-02
   2.4338964e-02
   2.4527226e-02
   2.4716334e-02
   2.4906289e-02
   2.5097091e-02
   2.5288741e-02
   2.5481240e-02
   2.5674587e-02
   2.5868784e-02
   2.6063831e-02
   2.6259729e-02
   2.6456478e-02
   2.6654078e-02
   2.6852531e-02
   2.7051836e-02
   2.7251994e-02
   2.7453006e-02
   2.7654872e-02
   2.7857592e-02
   2.8061167e-02
   2.8265598e-02
   2.8470885e-02
   2.8677027e-02
   2.8884027e-02
   2.9091883e-02
   2.9300598e-02
   2.9510169e-02
   2.9720600e-02
   2.9931888e-02
   3.0144036e-02
   3.0357043e-02
   3.0570910e-02
   3.0785637e-02
   3.1001224e-02
   3.1217672e-02
   3.1434980e-02
   3.1653151e-02
   3.1872182e-02
   3.2092076e-02
   3.2312832e-02
   3.2534450e-02
   3.2756931e-02
   3.2980275e-02
   3.3204482e-02
   3.3429552e-02
   3.3655487e-02
   3.3882285e-02
   3.4109947e-02
   3.4338473e-02
   3.4567865e-02
   3.4798120e-02
   3.5029241e-02
   3.5261227e-02
   3.5494078e-02
   3.5727794e-02
   3.5962376e-02
   3.6197824e-02
   3.6434137e-02
   3.6671317e-02
   3.6909362e-02
   3.7148274e-02
   3.7388052e-02
   3.7628696e-02
   3.7870207e-02
   3.8112585e-02
   3.8355829e-02
   3.8599939e-02
   3.8844917e-02
   3.9090761e-02
   3.9337472e-02
   3.9585050e-02
   3.9833494e-02
   4.0082806e-02
   4.0332984e-02
   4.0584030e-02
   4.0835942e-02
   4.1088721e-02
   4.1342367e-02
   4.1596880e-02
   4.1852259e-02
   4.2108505e-02
   4.2365618e-02
   4.2623598e-02
   4.2882444e-02
   4.3142156e-02
   4.3402735e-02
   4.3664180e-02
   4.3926492e-02
   4.4189669e-02
   4.4453713e-02
   4.4718622e-02
   4.4984397e-02
   4.5251037e-02
   4.5518543e-02
   4.5786914e-02
   4.6056150e-02
   4.6326252e-02
   4.6597218e-02
   4.6869048e-02
   4.7141743e-02
   4.7415302e-02
   4.7689725e-02
   4.7965012e-02
   4.8241162e-02
   4.8518176e-02
   4.8796052e-02
   4.9074792e-02
   4.9354394e-02
   4.9634858e-02
   4.9916185e-02
   5.0198373e-02
   5.0481423e-02
   5.0765334e-02
   5.1050106e-02
   5.1335738e-02
   5.1622231e-02
   5.1909584e-02
   5.2197796e-02
   5.2486868e-02
   5.2776799e-02
   5.3067588e-02
   5.3359236e-02
   5.3651742e-02
   5.3945105e-02
   5.4239326e-02
   5.4534403e-02
   5.4830337e-02
   5.5127126e-02
   5.5424772e-02
   5.5723272e-02
   5.6022628e-02
   5.6322838e-02
   5.6623901e-02
   5.6925819e-02
   5.7228589e-02
   5.7532212e-02
   5.7836687e-02
   5.8142014e-02
   5.8448192e-02
   5.8755221e-02
   5.9063100e-02
   5.9371829e-02
   5.9681407e-02
   5.9991834e-02
   6.0303109e-02
   6.0615231e-02
   6.0928201e-02
   6.1242018e-02
   6.1556681e-02
   6.1872189e-02
   6.2188543e-02
   6.2505740e-02
   6.2823782e-02
   6.3142667e-02
   6.3462395e-02
   6.3782965e-02
   6.4104376e-02
   6.4426628e-02
   6.4749721e-02
   6.5073653e-02
   6.5398425e-02
   6.5724035e-02
   6.6050483e-02
   6.6377768e-02
   6.6705889e-02
   6.7034846e-02
   6.7364639e-02
   6.7695266e-02
   6.8026727e-02
   6.8359022e-02
   6.8692148e-02
   6.9026107e-02
   6.9360897e-02
   6.9696517e-02
   7.0032967e-02
   7.0370245e-02
   7.0708352e-02
   7.1047287e-02
   7.1387048e-02
   7.1727636e-02
   7.2069048e-02
   7.2411286e-02
   7.2754346e-02
   7.3098230e-02
   7.3442936e-02
   7.3788464e-02
   7.4134812e-02
   7.4481980e-02
   7.4829967e-02
   7.5178772e-02
   7.5528395e-02
   7.5878834e-02
   7.6230089e-02
   7.6582159e-02
   7.6935043e-02
   7.7288741e-02
   7.7643250e-02
   7.7998572e-02
   7.8354703e-02
   7.8711645e-02
   7.9069396e-02
   7.9427954e-02
   7.9787320e-02
   8.0147492e-02
   8.0508469e-02
   8.0870251e-02
   8.1232836e-02
   8.1596224e-02
   8.1960414e-02
   8.2325404e-02
   8.2691194e-02
   8.3057783e-02
   8.3425170e-02
   8.3793354e-02
   8.4162334e-02
   8.4532109e-02
   8.4902678e-02
   8.5274040e-02
   8.5646194e-02
   8.6019140e-02
   8.6392875e-02
   8.6767400e-02
   8.7142712e-02
   8.7518812e-02
   8.7895698e-02
   8.8273369e-02
   8.8651823e-02
   8.9031061e-02
   8.9411081e-02
   8.9791882e-02
   9.0173462e-02
   9.0555821e-02
   9.0938958e-02
   9.1322872e-02
   9.1707561e-02
   9.2093025e-02
   9.2479262e-02
   9.2866271e-02
   9.3254052e-02
   9.3642602e-02
   9.4031922e-02
   9.4422009e-02
   9.4812864e-02
   9.5204483e-02
   9.5596868e-02
   9.5990015e-02
   9.6383925e-02
   9.6778596e-02
   9.7174027e-02
   9.7570216e-02
   9.7967164e-02
   9.8364867e-02
   9.8763326e-02
   9.9162539e-02
   9.9562504e-02
   9.9963222e-02
   1.0036469e-01
   1.0076691e-01
   1.0116987e-01
   1.0157358e-01
   1.0197804e-01
   1.0238324e-01
   1.0278919e-01
   1.0319588e-01
   1.0360330e-01
   1.0401147e-01
   1.0442038e-01
   1.0483002e-01
   1.0524040e-01
   1.0565151e-01
   1.0606335e-01
   1.0647593e-01
   1.0688924e-01
   1.0730328e-01
   1.0771804e-01
   1.0813354e-01
   1.0854975e-01
   1.0896669e-01
   1.0938436e-01
   1.0980275e-01
   1.1022185e-01
   1.1064168e-01
   1.1106222e-01
   1.1148348e-01
   1.1190545e-01
   1.1232814e-01
   1.1275154e-01
   1.1317565e-01
   1.1360047e-01
   1.1402599e-01
   1.1445223e-01
   1.1487917e-01
   1.1530681e-01
   1.1573516e-01
   1.1616420e-01
   1.1659395e-01
   1.1702439e-01
   1.1745553e-01
   1.1788737e-01
   1.1831990e-01
   1.1875313e-01
   1.1918704e-01
   1.1962165e-01
   1.2005694e-01
   1.2049292e-01
   1.2092959e-01
   1.2136694e-01
   1.2180497e-01
   1.2224368e-01
   1.2268308e-01
   1.2312315e-01
   1.2356390e-01
   1.2400532e-01
   1.2444742e-01
   1.2489019e-01
   1.2533363e-01
   1.2577774e-01
   1.2622252e-01
   1.2666796e-01
   1.2711407e-01
   1.2756084e-01
   1.2800828e-01
   1.2845637e-01
   1.2890513e-01
   1.2935454e-01
   1.2980460e-01
   1.3025532e-01
   1.3070670e-01
   1.3115872e-01
   1.3161139e-01
   1.3206471e-01
   1.3251868e-01
   1.3297329e-01
   1.3342855e-01
   1.3388445e-01
   1.3434099e-01
   1.3479816e-01
   1.3525597e-01
   1.3571442e-01
   1.3617351e-01
   1.3663322e-01
   1.3709356e-01
   1.3755454e-01
   1.3801614e-01
   1.3847837e-01
   1.3894122e-01
   1.3940469e-01
   1.3986878e-01
   1.4033350e-01
   1.4079883e-01
   1.4126478e-01
   1.4173134e-01
   1.4219851e-01
   1.4266630e-01
   1.4313469e-01
   1.4360369e-01
   1.4407330e-01
   1.4454351e-01
   1.4501433e-01
   1.4548574e-01
   1.4595776e-01
   1.4643037e-01
   1.4690358e-01
   1.4737738e-01
   1.4785178e-01
   1.4832676e-01
   1.4880234e-01
   1.4927850e-01
   1.4975525e-01
   1.5023258e-01
   1.5071050e-01
   1.5118900e-01
   1.5166807e-01
   1.5214772e-01
   1.5262795e-01
   1.5310875e-01
   1.5359012e-01
   1.5407206e-01
   1.5455457e-01
   1.5503765e-01
   1.5552129e-01
   1.5600550e-01
   1.5649027e-01
   1.5697559e-01
   1.5746148e-01
   1.5794792e-01
   1.5843491e-01
   1.5892246e-01
   1.5941056e-01
   1.5989921e-01
   1.6038840e-01
   1.6087814e-01
   1.6136842e-01
   1.6185925e-01
   1.6235061e-01
   1.6284251e-01
   1.6333495e-01
   1.6382793e-01
   1.6432143e-01
   1.6481547e-01
   1.6531004e-01
   1.6580513e-01
   1.6630075e-01
   1.6679689e-01
   1.6729355e-01
   1.6779074e-01
   1.6828844e-01
   1.6878666e-01
   1.6928539e-01
   1.6978463e-01
   1.7028439e-01
   1.7078465e-01
   1.7128542e-01
   1.7178670e-01
   1.7228848e-01
   1.7279076e-01
   1.7329353e-01
   1.7379681e-01
   1.7430058e-01
   1.7480485e-01
   1.7530961e-01
   1.7581485e-01
   1.7632059e-01
   1.7682681e-01
   1.7733352e-01
   1.7784070e-01
   1.7834837e-01
   1.7885652e-01
   1.7936514e-01
   1.7987424e-01
   1.8038381e-01
   1.8089385e-01
   1.8140436e-01
   1.8191534e-01
   1.8242678e-01
   1.8293869e-01
   1.8345105e-01
   1.8396388e-01
   1.8447716e-01
   1.8499090e-01
   1.8550509e-01
   1.8601973e-01
   1.8653482e-01
   1.8705036e-01
   1.8756635e-01
   1.8808277e-01
   1.8859964e-01
   1.8911695e-01
   1.8963470e-01
   1.9015288e-01
   1.9067150e-01
   1.9119055e-01
   1.9171002e-01
   1.9222993e-01
   1.9275026e-01
   1.9327101e-01
   1.9379219e-01
   1.9431378e-01
   1.9483580e-01
   1.9535823e-01
   1.9588107e-01
   1.9640432e-01
   1.9692799e-01
   1.9745206e-01
   1.9797654e-01
   1.9850142e-01
   1.9902670e-01
   1.9955238e-01
   2.0007846e-01
   2.0060494e-01
   2.0113181e-01
   2.0165907e-01
   2.0218672e-01
   2.0271475e-01
   2.0324317e-01
   2.0377198e-01
   2.0430117e-01
   2.0483073e-01
   2.0536067e-01
   2.0589099e-01
   2.0642168e-01
   2.0695275e-01
   2.0748418e-01
   2.0801597e-01
   2.0854814e-01
   2.0908066e-01
   2.0961355e-01
   2.1014679e-01
   2.1068039e-01
   2.1121435e-01
   2.1174866e-01
   2.1228331e-01
   2.1281832e-01
   2.1335367e-01
   2.1388937e-01
   2.1442541e-01
   2.1496178e-01
   2.1549850e-01
   2.1603555e-01
   2.1657294e-01
   2.1711065e-01
   2.1764870e-01
   2.1818707e-01
   2.1872577e-01
   2.1926479e-01
   2.1980413e-01
   2.2034379e-01
   2.2088377e-01
   2.2142406e-01
   2.2196467e-01
   2.2250558e-01
   2.2304680e-01
   2.2358833e-01
   2.2413017e-01
   2.2467230e-01
   2.2521474e-01
   2.2575747e-01
   2.2630050e-01
   2.2684382e-01
   2.2738743e-01
   2.2793133e-01
   2.2847552e-01
   2.2901999e-01
   2.2956475e-01
   2.3010978e-01
   2.3065510e-01
   2.3120069e-01
   2.3174655e-01
   2.3229269e-01
   2.3283910e-01
   2.3338577e-01
   2.3393271e-01
   2.3447991e-01
   2.3502738e-01
   2.3557510e-01
   2.3612308e-01
   2.3667131e-01
   2.3721980e-01
   2.3776854e-01
   2.3831752e-01
   2.3886675e-01
   2.3941623e-01
   2.3996594e-01
   2.4051590e-01
   2.4106609e-01
   2.4161652e-01
   2.4216718e-01
   2.4271807e-01
   2.4326919e-01
   2.4382054e-01
   2.4437211e-01
   2.4492390e-01
   2.4547591e-01
   2.4602815e-01
   2.4658059e-01
   2.4713325e-01
   2.4768612e-01
   2.4823920e-01
   2.4879248e-01
   2.4934597e-01
   2.4989967e-01
   2.5045356e-01
   2.5100765e-01
   2.5156193e-01
   2.5211641e-01
   2.5267108e-01
   2.5322594e-01
   2.5378099e-01
   2.5433622e-01
   2.5489163e-01
   2.5544723e-01
   2.5600300e-01
   2.5655895e-01
   2.5711507e-01
   2.5767136e-01
   2.5822782e-01
   2.5878445e-01
   2.5934124e-01
   2.5989820e-01
   2.6045531e-01
   2.6101259e-01
   2.6157002e-01
   2.6212760e-01
   2.6268534e-01
   2.6324322e-01
   2.6380125e-01
   2.6435943e-01
   2.6491775e-01
   2.6547620e-01
   2.6603480e-01
   2.6659353e-01
   2.6715240e-01
   2.6771140e-01
   2.6827052e-01
   2.6882978e-01
   2.6938916e-01
   2.6994866e-01
   2.7050828e-01
   2.7106802e-01
   2.7162787e-01
   2.7218784e-01
   2.7274792e-01
   2.7330811e-01
   2.7386840e-01
   2.7442880e-01
   2.7498930e-01
   2.7554991e-01
   2.7611061e-01
   2.7667140e-01
   2.7723229e-01
   2.7779327e-01
   2.7835434e-01
   2.7891549e-01
   2.7947673e-01
   2.8003806e-01
   2.8059946e-01
   2.8116094e-01
   2.8172249e-01
   2.8228412e-01
   2.8284582e-01
   2.8340759e-01
   2.8396942e-01
   2.8453132e-01
   2.8509328e-01
   2.8565530e-01
   2.8621738e-01
   2.8677951e-01
   2.8734170e-01
   2.8790393e-01
   2.8846622e-01
   2.8902855e-01
   2.8959092e-01
   2.9015334e-01
   2.9071579e-01
   2.9127829e-01
   2.9184081e-01
   2.9240338e-01
   2.9296597e-01
   2.9352859e-01
   2.9409123e-01
   2.9465390e-01
   2.9521659e-01
   2.9577930e-01
   2.9634202e-01
   2.9690476e-01
   2.9746752e-01
   2.9803028e-01
   2.9859305e-01
   2.9915583e-01
   2.9971861e-01
   3.0028139e-01
   3.0084417e-01
   3.0140695e-01
   3.0196972e-01
   3.0253248e-01
   3.0309524e-01
   3.0365798e-01
   3.0422070e-01
   3.0478341e-01
   3.0534610e-01
   3.0590877e-01
   3.0647141e-01
   3.0703403e-01
   3.0759662e-01
   3.0815919e-01
   3.0872171e-01
   3.0928421e-01
   3.0984666e-01
   3.1040908e-01
   3.1097145e-01
   3.1153378e-01
   3.1209607e-01
   3.1265830e-01
   3.1322049e-01
   3.1378262e-01
   3.1434470e-01
   3.1490672e-01
   3.1546868e-01
   3.1603058e-01
   3.1659241e-01
   3.1715418e-01
   3.1771588e-01
   3.1827751e-01
   3.1883906e-01
   3.1940054e-01
   3.1996194e-01
   3.2052327e-01
   3.2108451e-01
   3.2164566e-01
   3.2220673e-01
   3.2276771e-01
   3.2332860e-01
   3.2388939e-01
   3.2445009e-01
   3.2501070e-01
   3.2557120e-01
   3.2613160e-01
   3.2669189e-01
   3.2725208e-01
   3.2781216e-01
   3.2837213e-01
   3.2893198e-01
   3.2949172e-01
   3.3005134e-01
   3.3061084e-01
   3.3117022e-01
   3.3172948e-01
   3.3228860e-01
   3.3284760e-01
   3.3340647e-01
   3.3396520e-01
   3.3452380e-01
   3.3508225e-01
   3.3564057e-01
   3.3619875e-01
   3.3675678e-01
   3.3731466e-01
   3.3787240e-01
   3.3842998e-01
   3.3898741e-01
   3.3954469e-01
   3.4010180e-01
   3.4065876e-01
   3.4121555e-01
   3.4177218e-01
   3.4232864e-01
   3.4288493e-01
   3.4344105e-01
   3.4399700e-01
   3.4455277e-01
   3.4510837e-01
   3.4566378e-01
   3.4621901e-01
   3.4677406e-01
   3.4732892e-01
   3.4788359e-01
   3.4843807e-01
   3.4899235e-01
   3.4954644e-01
   3.5010033e-01
   3.5065403e-01
   3.5120752e-01
   3.5176080e-01
   3.5231388e-01
   3.5286675e-01
   3.5341941e-01
   3.5397185e-01
   3.5452409e-01
   3.5507610e-01
   3.5562789e-01
   3.5617946e-01
   3.5673081e-01
   3.5728193e-01
   3.5783282e-01
   3.5838348e-01
   3.5893391e-01
   3.5948410e-01
   3.6003406e-01
   3.6058377e-01
   3.6113325e-01
   3.6168248e-01
   3.6223146e-01
   3.6278020e-01
   3.6332869e-01
   3.6387692e-01
   3.6442490e-01
   3.6497262e-01
   3.6552009e-01
   3.6606729e-01
   3.6661423e-01
   3.6716090e-01
   3.6770731e-01
   3.6825345e-01
   3.6879931e-01
   3.6934490e-01
   3.6989022e-01
   3.7043525e-01
   3.7098001e-01
   3.7152448e-01
   3.7206867e-01
   3.7261257e-01
   3.7315618e-01
   3.7369950e-01
   3.7424253e-01
   3.7478526e-01
   3.7532770e-01
   3.7586983e-01
   3.7641167e-01
   3.7695320e-01
   3.7749442e-01
   3.7803533e-01
   3.7857594e-01
   3.7911623e-01
   3.7965621e-01
   3.8019587e-01
   3.8073521e-01
   3.8127423e-01
   3.8181293e-01
   3.8235130e-01
   3.8288935e-01
   3.8342706e-01
   3.8396445e-01
   3.8450150e-01
   3.8503822e-01
   3.8557459e-01
   3.8611063e-01
   3.8664633e-01
   3.8718168e-01
   3.8771669e-01
   3.8825134e-01
   3.8878565e-01
   3.8931961e-01
   3.8985321e-01
   3.9038645e-01
   3.9091934e-01
   3.9145186e-01
   3.9198403e-01
   3.9251582e-01
   3.9304725e-01
   3.9357832e-01
   3.9410901e-01
   3.9463933e-01
   3.9516927e-01
   3.9569883e-01
   3.9622802e-01
   3.9675683e-01
   3.9728525e-01
   3.9781328e-01
   3.9834093e-01
   3.9886819e-01
   3.9939506e-01
   3.9992154e-01
   4.0044762e-01
   4.0097330e-01
   4.0149858e-01
   4.0202346e-01
   4.0254794e-01
   4.0307201e-01
   4.0359568e-01
   4.0411893e-01
   4.0464177e-01
   4.0516420e-01
   4.0568622e-01
   4.0620781e-01
   4.0672899e-01
   4.0724974e-01
   4.0777007e-01
   4.0828998e-01
   4.0880945e-01
   4.0932850e-01
   4.0984712e-01
   4.1036530e-01
   4.1088305e-01
   4.1140036e-01
   4.1191723e-01
   4.1243365e-01
   4.1294964e-01
   4.1346518e-01
   4.1398027e-01
   4.1449491e-01
   4.1500910e-01
   4.1552284e-01
   4.1603612e-01
   4.1654895e-01
   4.1706131e-01
   4.1757322e-01
   4.1808466e-01
   4.1859564e-01
   4.1910615e-01
   4.1961619e-01
   4.2012576e-01
   4.2063486e-01
   4.2114348e-01
   4.2165163e-01
   4.2215930e-01
   4.2266648e-01
   4.2317319e-01
   4.2367941e-01
   4.2418515e-01
   4.2469039e-01
   4.2519515e-01
   4.2569942e-01
   4.2620319e-01
   4.2670647e-01
   4.2720924e-01
   4.2771152e-01
   4.2821330e-01
   4.2871458e-01
   4.2921535e-01
   4.2971561e-01
   4.3021537e-01
   4.3071461e-01
   4.3121334e-01
   4.3171156e-01
   4.3220926e-01
   4.3270645e-01
   4.3320311e-01
   4.3369925e-01
   4.3419487e-01
   4.3468996e-01
   4.3518453e-01
   4.3567857e-01
   4.3617207e-01
   4.3666505e-01
   4.3715749e-01
   4.3764939e-01
   4.3814075e-01
   4.3863158e-01
   4.3912186e-01
   4.3961160e-01
   4.4010079e-01
   4.4058944e-01
   4.4107754e-01
   4.4156509e-01
   4.4205208e-01
   4.4253852e-01
   4.4302441e-01
   4.4350973e-01
   4.4399450e-01
   4.4447871e-01
   4.4496235e-01
   4.4544543e-01
   4.4592794e-01
   4.4640988e-01
   4.4689125e-01
   4.4737205e-01
   4.4785228e-01
   4.4833193e-01
   4.4881100e-01
   4.4928950e-01
   4.4976742e-01
   4.5024475e-01
   4.5072150e-01
   4.5119766e-01
   4.5167324e-01
   4.5214822e-01
   4.5262262e-01
   4.5309642e-01
   4.5356963e-01
   4.5404224e-01
   4.5451426e-01
   4.5498567e-01
   4.5545649e-01
   4.5592670e-01
   4.5639631e-01
   4.5686531e-01
   4.5733370e-01
   4.5780149e-01
   4.5826866e-01
   4.5873522e-01
   4.5920117e-01
   4.5966650e-01
   4.6013122e-01
   4.6059531e-01
   4.6105878e-01
   4.6152163e-01
   4.6198386e-01
   4.6244546e-01
   4.6290644e-01
   4.6336678e-01
   4.6382649e-01
   4.6428558e-01
   4.6474403e-01
   4.6520184e-01
   4.6565901e-01
   4.6611555e-01
   4.6657145e-01
   4.6702671e-01
   4.6748132e-01
   4.6793529e-01
   4.6838861e-01
   4.6884128e-01
   4.6929330e-01
   4.6974468e-01
   4.7019540e-01
   4.7064546e-01
   4.7109487e-01
   4.7154363e-01
   4.7199172e-01
   4.7243916e-01
   4.7288593e-01
   4.7333204e-01
   4.7377748e-01
   4.7422226e-01
   4.7466637e-01
   4.7510981e-01
   4.7555258e-01
   4.7599468e-01
   4.7643610e-01
   4.7687685e-01
   4.7731692e-01
   4.7775632e-01
   4.7819503e-01
   4.7863306e-01
   4.7907041e-01
   4.7950708e-01
   4.7994306e-01
   4.8037835e-01
   4.8081296e-01
   4.8124687e-01
   4.8168010e-01
   4.8211263e-01
   4.8254447e-01
   4.8297561e-01
   4.8340605e-01
   4.8383580e-01
   4.8426484e-01
   4.8469319e-01
   4.8512083e-01
   4.8554777e-01
   4.8597401e-01
   4.8639953e-01
   4.8682435e-01
   4.8724846e-01
   4.8767186e-01
   4.8809455e-01
   4.8851652e-01
   4.8893778e-01
   4.8935832e-01
   4.8977815e-01
   4.9019725e-01
   4.9061564e-01
   4.9103331e-01
   4.9145025e-01
   4.9186646e-01
   4.9228196e-01
   4.9269672e-01
   4.9311076e-01
   4.9352407e-01
   4.9393665e-01
   4.9434849e-01
   4.9475960e-01
   4.9516998e-01
   4.9557962e-01
   4.9598853e-01
   4.9639670e-01
   4.9680412e-01
   4.9721081e-01
   4.9761676e-01
   4.9802196e-01
   4.9842642e-01
   4.9883013e-01
   4.9923309e-01
   4.9963531e-01
   5.0003678e-01
   5.0043750e-01
   5.0083746e-01
   5.0123667e-01
   5.0163513e-01
   5.0203284e-01
   5.0242978e-01
   5.0282597e-01
   5.0322140e-01
   5.0361607e-01
   5.0400998e-01
   5.0440313e-01
   5.0479552e-01
   5.0518714e-01
   5.0557799e-01
   5.0596808e-01
   5.0635740e-01
   5.0674595e-01
   5.0713373e-01
   5.0752074e-01
   5.0790698e-01
   5.0829244e-01
   5.0867713e-01
   5.0906104e-01
   5.0944418e-01
   5.0982654e-01
   5.1020812e-01
   5.1058892e-01
   5.1096894e-01
   5.1134818e-01
   5.1172663e-01
   5.1210430e-01
   5.1248119e-01
   5.1285729e-01
   5.1323260e-01
   5.1360712e-01
   5.1398086e-01
   5.1435381e-01
   5.1472596e-01
   5.1509732e-01
   5.1546789e-01
   5.1583767e-01
   5.1620665e-01
   5.1657483e-01
   5.1694222e-01
   5.1730881e-01
   5.1767460e-01
   5.1803959e-01
   5.1840378e-01
   5.1876716e-01
   5.1912975e-01
   5.1949153e-01
   5.1985251e-01
   5.2021268e-01
   5.2057205e-01
   5.2093060e-01
   5.2128835e-01
   5.2164530e-01
   5.2200143e-01
   5.2235675e-01
   5.2271126e-01
   5.2306496e-01
   5.2341784e-01
   5.2376991e-01
   5.2412117e-01
   5.2447160e-01
   5.2482123e-01
   5.2517003e-01
   5.2551802e-01
   5.2586519e-01
   5.2621154e-01
   5.2655706e-01
   5.2690177e-01
   5.2724565e-01
   5.2758871e-01
   5.2793095e-01
   5.2827236e-01
   5.2861295e-01
   5.2895271e-01
   5.2929165e-01
   5.2962975e-01
   5.2996703e-01
   5.3030348e-01
   5.3063910e-01
   5.3097389e-01
   5.3130785e-01
   5.3164098e-01
   5.3197327e-01
   5.3230473e-01
   5.3263536e-01
   5.3296515e-01
   5.3329411e-01
   5.3362223e-01
   5.3394952e-01
   5.3427597e-01
   5.3460158e-01
   5.3492635e-01
   5.3525028e-01
   5.3557337e-01
   5.3589562e-01
   5.3621704e-01
   5.3653761e-01
   5.3685733e-01
   5.3717622e-01
   5.3749426e-01
   5.3781146e-01
   5.3812781e-01
   5.3844332e-01
   5.3875798e-01
   5.3907180e-01
   5.3938477e-01
   5.3969689e-01
   5.4000817e-01
   5.4031859e-01
   5.4062817e-01
   5.4093690e-01
   5.4124478e-01
   5.4155181e-01
   5.4185799e-01
   5.4216331e-01
   5.4246779e-01
   5.4277141e-01
   5.4307418e-01
   5.4337610e-01
   5.4367716e-01
   5.4397737e-01
   5.4427673e-01
   5.4457523e-01
   5.4487287e-01
   5.4516966e-01
   5.4546560e-01
   5.4576067e-01
   5.4605489e-01
   5.4634826e-01
   5.4664076e-01
   5.4693241e-01
   5.4722320e-01
   5.4751313e-01
   5.4780220e-01
   5.4809042e-01
   5.4837777e-01
   5.4866426e-01
   5.4894989e-01
   5.4923467e-01
   5.4951858e-01
   5.4980163e-01
   5.5008382e-01
   5.5036514e-01
   5.5064561e-01
   5.5092521e-01
   5.5120395e-01
   5.5148182e-01
   5.5175884e-01
   5.5203499e-01
   5.5231028e-01
   5.5258470e-01
   5.5285826e-01
   5.5313095e-01
   5.5340278e-01
   5.5367375e-01
   5.5394385e-01
   5.5421309e-01
   5.5448146e-01
   5.5474896e-01
   5.5501560e-01
   5.5528138e-01
   5.5554629e-01
   5.5581033e-01
   5.5607351e-01
   5.5633582e-01
   5.5659726e-01
   5.5685784e-01
   5.5711756e-01
   5.5737640e-01
   5.5763438e-01
   5.5789149e-01
   5.5814774e-01
   5.5840312e-01
   5.5865763e-01
   5.5891128e-01
   5.5916406e-01
   5.5941597e-01
   5.5966702e-01
   5.5991719e-01
   5.6016651e-01
   5.6041495e-01
   5.6066253e-01
   5.6090924e-01
   5.6115508e-01
   5.6140006e-01
   5.6164417e-01
   5.6188742e-01
   5.6212979e-01
   5.6237130e-01
   5.6261195e-01
   5.6285173e-01
   5.6309064e-01
   5.6332868e-01
   5.6356586e-01
   5.6380218e-01
   5.6403762e-01
   5.6427221e-01
   5.6450592e-01
   5.6473877e-01
   5.6497076e-01
   5.6520188e-01
   5.6543214e-01
   5.6566153e-01
   5.6589005e-01
   5.6611772e-01
   5.6634451e-01
   5.6657045e-01
   5.6679552e-01
   5.6701973e-01
   5.6724307e-01
   5.6746555e-01
   5.6768717e-01
   5.6790792e-01
   5.6812782e-01
   5.6834685e-01
   5.6856502e-01
   5.6878233e-01
   5.6899878e-01
   5.6921436e-01
   5.6942909e-01
   5.6964296e-01
   5.6985596e-01
   5.7006811e-01
   5.7027940e-01
   5.7048983e-01
   5.7069940e-01
   5.7090812e-01
   5.7111597e-01
   5.7132297e-01
   5.7152912e-01
   5.7173440e-01
   5.7193883e-01
   5.7214241e-01
   5.7234513e-01
   5.7254699e-01
   5.7274801e-01
   5.7294816e-01
   5.7314747e-01
   5.7334592e-01
   5.7354352e-01
   5.7374027e-01
   5.7393617e-01
   5.7413122e-01
   5.7432541e-01
   5.7451876e-01
   5.7471126e-01
   5.7490291e-01
   5.7509371e-01
   5.7528367e-01
   5.7547277e-01
   5.7566104e-01
   5.7584845e-01
   5.7603502e-01
   5.7622075e-01
   5.7640563e-01
   5.7658967e-01
   5.7677287e-01
   5.7695523e-01
   5.7713674e-01
   5.7731742e-01
   5.7749725e-01
   5.7767625e-01
   5.7785441e-01
   5.7803173e-01
   5.7820821e-01
   5.7838385e-01
   5.7855867e-01
   5.7873264e-01
   5.7890578e-01
   5.7907809e-01
   5.7924957e-01
   5.7942021e-01
   5.7959003e-01
   5.7975901e-01
   5.7992716e-01
   5.8009449e-01
   5.8026099e-01
   5.8042666e-01
   5.8059150e-01
   5.8075552e-01
   5.8091872e-01
   5.8108109e-01
   5.8124264e-01
   5.8140337e-01
   5.8156327e-01
   5.8172236e-01
   5.8188063e-01
   5.8203808e-01
   5.8219471e-01
   5.8235052e-01
   5.8250553e-01
   5.8265971e-01
   5.8281309e-01
   5.8296565e-01
   5.8311740e-01
   5.8326833e-01
   5.8341846e-01
   5.8356779e-01
   5.8371630e-01
   5.8386401e-01
   5.8401091e-01
   5.8415701e-01
   5.8430230e-01
   5.8444680e-01
   5.8459049e-01
   5.8473338e-01
   5.8487547e-01
   5.8501677e-01
   5.8515727e-01
   5.8529697e-01
   5.8543588e-01
   5.8557400e-01
   5.8571132e-01
   5.8584785e-01
   5.8598360e-01
   5.8611855e-01
   5.8625272e-01
   5.8638610e-01
   5.8651870e-01
   5.8665051e-01
   5.8678154e-01
   5.8691179e-01
   5.8704126e-01
   5.8716995e-01
   5.8729787e-01
   5.8742500e-01
   5.8755137e-01
   5.8767696e-01
   5.8780177e-01
   5.8792582e-01
   5.8804910e-01
   5.8817161e-01
   5.8829335e-01
   5.8841432e-01
   5.8853454e-01
   5.8865399e-01
   5.8877268e-01
   5.8889060e-01
   5.8900777e-01
   5.8912419e-01
   5.8923984e-01
   5.8935475e-01
   5.8946890e-01
   5.8958230e-01
   5.8969495e-01
   5.8980685e-01
   5.8991800e-01
   5.9002841e-01
   5.9013808e-01
   5.9024700e-01
   5.9035518e-01
   5.9046262e-01
   5.9056933e-01
   5.9067530e-01
   5.9078053e-01
   5.9088504e-01
   5.9098881e-01
   5.9109185e-01
   5.9119416e-01
   5.9129574e-01
   5.9139661e-01
   5.9149674e-01
   5.9159616e-01
   5.9169486e-01
   5.9179283e-01
   5.9189010e-01
   5.9198664e-01
   5.9208248e-01
   5.9217760e-01
   5.9227201e-01
   5.9236572e-01
   5.9245871e-01
   5.9255101e-01
   5.9264260e-01
   5.9273349e-01
   5.9282368e-01
   5.9291318e-01
   5.9300197e-01
   5.9309008e-01
   5.9317749e-01
   5.9326421e-01
   5.9335025e-01
   5.9343560e-01
   5.9352026e-01
   5.9360424e-01
   5.9368754e-01
   5.9377017e-01
   5.9385211e-01
   5.9393338e-01
   5.9401398e-01
   5.9409391e-01
   5.9417316e-01
   5.9425175e-01
   5.9432968e-01
   5.9440694e-01
   5.9448354e-01
   5.9455948e-01
   5.9463477e-01
   5.9470940e-01
   5.9478338e-01
   5.9485670e-01
   5.9492938e-01
   5.9500141e-01
   5.9507280e-01
   5.9514354e-01
   5.9521364e-01
   5.9528311e-01
   5.9535194e-01
   5.9542013e-01
   5.9548769e-01
   5.9555462e-01
   5.9562093e-01
   5.9568661e-01
   5.9575166e-01
   5.9581610e-01
   5.9587992e-01
   5.9594312e-01
   5.9600570e-01
   5.9606767e-01
   5.9612904e-01
   5.9618979e-01
   5.9624994e-01
   5.9630949e-01
   5.9636844e-01
   5.9642679e-01
   5.9648454e-01
   5.9654170e-01
   5.9659827e-01
   5.9665425e-01
   5.9670964e-01
   5.9676445e-01
   5.9681868e-01
   5.9687232e-01
   5.9692539e-01
   5.9697789e-01
   5.9702981e-01
   5.9708117e-01
   5.9713196e-01
   5.9718218e-01
   5.9723184e-01
   5.9728094e-01
   5.9732948e-01
   5.9737747e-01
   5.9742491e-01
   5.9747180e-01
   5.9751814e-01
   5.9756393e-01
   5.9760918e-01
   5.9765390e-01
   5.9769808e-01
   5.9774172e-01
   5.9778483e-01
   5.9782742e-01
   5.9786947e-01
   5.9791101e-01
   5.9795202e-01
   5.9799252e-01
   5.9803249e-01
   5.9807196e-01
   5.9811092e-01
   5.9814937e-01
   5.9818731e-01
   5.9822475e-01
   5.9826170e-01
   5.9829815e-01
   5.9833410e-01
   5.9836956e-01
   5.9840454e-01
   5.9843903e-01
   5.9847304e-01
   5.9850657e-01
   5.9853962e-01
   5.9857220e-01
   5.9860430e-01
   5.9863594e-01
   5.9866712e-01
   5.9869783e-01
   5.9872809e-01
   5.9875788e-01
   5.9878723e-01
   5.9881612e-01
   5.9884457e-01
   5.9887257e-01
   5.9890013e-01
   5.9892725e-01
   5.9895394e-01
   5.9898020e-01
   5.9900602e-01
   5.9903142e-01
   5.9905640e-01
   5.9908096e-01
   5.9910510e-01
   5.9912882e-01
   5.9915214e-01
   5.9917504e-01
   5.9919755e-01
   5.9921965e-01
   5.9924135e-01
   5.9926266e-01
   5.9928358e-01
   5.9930411e-01
   5.9932425e-01
   5.9934401e-01
   5.9936340e-01
   5.9938240e-01
   5.9940104e-01
   5.9941930e-01
   5.9943720e-01
   5.9945474e-01
   5.9947192e-01
   5.9948874e-01
   5.9950521e-01
   5.9952133e-01
   5.9953711e-01
   5.9955254e-01
   5.9956764e-01
   5.9958239e-01
   5.9959682e-01
   5.9961092e-01
   5.9962469e-01
   5.9963814e-01
   5.9965127e-01
   5.9966409e-01
   5.9967659e-01
   5.9968879e-01
   5.9970068e-01
   5.9971228e-01
   5.9972357e-01
   5.9973457e-01
   5.9974528e-01
   5.9975571e-01
   5.9976585e-01
   5.9977571e-01
   5.9978529e-01
   5.9979461e-01
   5.9980365e-01
   5.9981243e-01
   5.9982095e-01
   5.9982921e-01
   5.9983722e-01
   5.9984497e-01
   5.9985248e-01
   5.9985975e-01
   5.9986678e-01
   5.9987357e-01
   5.9988013e-01
   5.9988647e-01
   5.9989257e-01
   5.9989846e-01
   5.9990414e-01
   5.9990960e-01
   5.9991485e-01
   5.9991989e-01
   5.9992474e-01
   5.9992939e-01
   5.9993384e-01
   5.9993811e-01
   5.9994219e-01
   5.9994609e-01
   5.9994981e-01
   5.9995336e-01
   5.9995674e-01
   5.9995995e-01
   5.9996300e-01
   5.9996590e-01
   5.9996864e-01
   5.9997123e-01
   5.9997367e-01
   5.9997597e-01
   5.9997814e-01
   5.9998017e-01
   5.9998208e-01
   5.9998386e-01
   5.9998551e-01
   5.9998705e-01
   5.9998848e-01
   5.9998980e-01
   5.9999102e-01
   5.9999213e-01
   5.9999315e-01
   5.9999408e-01
   5.9999492e-01
   5.9999568e-01
   5.9999636e-01
   5.9999696e-01
   5.9999749e-01
   5.9999796e-01
   5.9999837e-01
   5.9999871e-01
   5.9999901e-01
   5.9999925e-01
   5.9999946e-01
   5.9999962e-01
   5.9999974e-01
   5.9999984e-01
   5.9999991e-01
   5.9999995e-01
   5.9999998e-01
   5.9999999e-01
   6.0000000e-01
   6.0000000e-01
